2.4393354279229946, 0.08323319982198486, 2.4330302397410075, 0.0882936507936508
2.359385972764757, 0.09258333333333334, 2.3572363154093425, 0.09541666666666666
1.985004107072505, 0.2442923898531375, 1.9839075073363288, 0.24077380952380953
2.179900759237784, 0.16746296296296295, 2.174196248372396, 0.16983333333333334
1.7200675864192079, 0.29938807298620385, 1.727401151732793, 0.28293650793650793
2.2747856451670327, 0.17834259259259258, 2.2695756619771323, 0.17908333333333334
1.603710387874615, 0.339942145082332, 1.617027989644853, 0.3259920634920635
2.3330062890935825, 0.17275, 2.326497641245524, 0.17325
1.5915186402847568, 0.3464396973742768, 1.6288410027821858, 0.3288690476190476
2.488033886556272, 0.19357407407407407, 2.4847517407735187, 0.19533333333333333
1.4319661461728703, 0.38404539385847797, 1.469736201422555, 0.35714285714285715
2.4619563832459628, 0.1990925925925926, 2.4597177721659342, 0.2015
1.4396430270641074, 0.3810080106809079, 1.4875473692303611, 0.3680555555555556
2.619106082810296, 0.18076851851851852, 2.615754498799642, 0.18375
1.5797948795687, 0.3863373386737873, 1.6469096161070325, 0.3626984126984127
2.73260875221535, 0.20100925925925925, 2.7325466372172036, 0.20158333333333334
1.5653153095661294, 0.39284601691143745, 1.6375108824835882, 0.3759920634920635
2.7924776199482104, 0.18489814814814814, 2.7932905445098877, 0.18258333333333332
1.1581528884758672, 0.5641522029372497, 1.2371424996663654, 0.5262896825396826
2.4983047106354324, 0.2970833333333333, 2.502520709355672, 0.29741666666666666
1.0398070520860225, 0.6382176234979974, 1.134530578530024, 0.5929563492063492
2.569573282453749, 0.30810185185185185, 2.57157679494222, 0.3075
0.9321312577553628, 0.7202937249666221, 1.0418669303258261, 0.6716269841269841
2.617428221879182, 0.3155277777777778, 2.620413115183512, 0.316
0.8538465019008771, 0.7040053404539386, 0.9744258988471258, 0.6568452380952381
2.6467345854441326, 0.3218611111111111, 2.6503266766866047, 0.32125
0.7765765010594367, 0.7677570093457944, 0.9089404728677538, 0.7119047619047619
2.698984105940218, 0.32149074074074074, 2.69479022026062, 0.32233333333333336
0.7068997811358613, 0.7834557187360925, 0.8475375780983577, 0.726984126984127
2.7153518396130316, 0.3263425925925926, 2.713505886713664, 0.32866666666666666
0.6387860071940267, 0.7922229639519359, 0.7890709366117205, 0.7359126984126985
2.755826971018756, 0.3305462962962963, 2.7587333488464356, 0.3283333333333333
0.5825524312525683, 0.8008344459279039, 0.7424146312569815, 0.7456349206349207
2.7873474640669644, 0.3357037037037037, 2.7879665336608888, 0.336
0.5347790853044538, 0.8241210502892746, 0.7008834910771203, 0.7621031746031746
2.8139237059134024, 0.3383425925925926, 2.818916245778402, 0.34025
0.4991453105627721, 0.8329327992879395, 0.669778354300393, 0.7670634920634921
2.8079975109453557, 0.34020370370370373, 2.810621057510376, 0.34141666666666665
0.45260367820036906, 0.8546172674677348, 0.6321114243969085, 0.7893849206349206
2.888920237823769, 0.34024074074074073, 2.891364456176758, 0.34
0.42710209741664557, 0.8605585224744103, 0.6118590248955621, 0.7909722222222222
2.897358893994932, 0.34371296296296294, 2.8981845378875732, 0.34141666666666665
0.39847600327420885, 0.8700712060525144, 0.5881048012347448, 0.8011904761904762
2.945140321025142, 0.3436666666666667, 2.949043204625448, 0.34125
0.3684869187324908, 0.8796061415220294, 0.5648344188455552, 0.8086309523809524
2.960140896126076, 0.34641666666666665, 2.9620600255330403, 0.34675
0.3488416190034928, 0.8872274143302181, 0.5527753602890741, 0.8124007936507937
2.9669382193706655, 0.34755555555555556, 2.9674889755249025, 0.3458333333333333
0.32434508256186473, 0.8961059190031153, 0.5312944430207449, 0.8180555555555555
3.0219288425092343, 0.3464351851851852, 3.0261437606811525, 0.34658333333333335
0.3083485418178794, 0.9010569648420116, 0.5193089740616935, 0.8222222222222222
3.05472871126952, 0.34571296296296294, 3.0560342845916746, 0.3425
0.2906421233136016, 0.9090898976412995, 0.49925655112380074, 0.8300595238095239
3.0341447444138705, 0.3480648148148148, 3.039885306040446, 0.346
0.2733971621335534, 0.9155874499332444, 0.4825625000491975, 0.8370039682539683
3.0580257399876913, 0.3490740740740741, 3.06448672358195, 0.34958333333333336
0.2610666306537684, 0.9189252336448598, 0.46970000456249905, 0.8406746031746032
3.089076598096777, 0.3485740740740741, 3.090642246246338, 0.347
0.24341899854212695, 0.9242323097463284, 0.4530404708215168, 0.8454365079365079
3.110329791775456, 0.3500462962962963, 3.1143245309193928, 0.34891666666666665
0.22897561942942152, 0.9289052069425902, 0.43879747173142813, 0.8492063492063492
3.1346309128514043, 0.35183333333333333, 3.137955488204956, 0.35075
0.21492920358498255, 0.9353248776145973, 0.42911889756482746, 0.8531746031746031
3.157224113172955, 0.34891666666666665, 3.1702963263193764, 0.348
0.20048919549559188, 0.9401201602136181, 0.4100856776748385, 0.8595238095238096
3.182497626181002, 0.3491296296296296, 3.199834705988566, 0.3463333333333333
0.19836380264204134, 0.939942145082332, 0.41183666109092654, 0.859920634920635
3.1829698419924135, 0.3490740740740741, 3.194570416768392, 0.3478333333333333
0.17828045720039712, 0.9473075211392968, 0.37922888942181116, 0.870436507936508
3.226220993289241, 0.34825, 3.2378502149581907, 0.34641666666666665
0.1749534558125162, 0.9475300400534046, 0.38184397632167455, 0.8694444444444445
3.2211629017547323, 0.34699074074074077, 3.221085974375407, 0.3461666666666667
0.1609433030148427, 0.9526368491321763, 0.3629158969436373, 0.875
3.2550057944191826, 0.34974074074074074, 3.256645700454712, 0.34741666666666665
0.14972921605103803, 0.9559635068980863, 0.35463528363477614, 0.8763888888888889
3.2808926881860803, 0.34791666666666665, 3.285047248204549, 0.3466666666666667
0.1365720445068879, 0.9608589230084558, 0.3398367771080562, 0.8849206349206349
3.292174175536191, 0.34978703703703706, 3.293933568954468, 0.3468333333333333
0.1279468830766071, 0.9634067645749889, 0.32904888812511685, 0.8891865079365079
3.3293512887248284, 0.34876851851851853, 3.331856139500936, 0.35083333333333333
0.12362879051014111, 0.9643079661771251, 0.31951557582332973, 0.8913690476190477
3.3526319063681145, 0.3480648148148148, 3.3556668942769368, 0.34975
0.1153720131438204, 0.9677236315086782, 0.30453969159769634, 0.8960317460317461
3.361888950718774, 0.3491388888888889, 3.365433235168457, 0.35058333333333336
3.544889624001028, 0.36348464619492654, 3.605278716768537, 0.3603174603174603
3.3603610238587414, 0.34926851851851853, 3.3771825993855793, 0.34983333333333333
2.296821714094813, 0.4296840231419671, 2.318216155824207, 0.4220238095238095
2.5863690909986143, 0.33593518518518517, 2.593182772318522, 0.3353333333333333
1.7552919400550018, 0.49626168224299066, 1.7729667239718967, 0.4880952380952381
2.216934230592516, 0.32844444444444443, 2.2223120403289793, 0.32866666666666666
1.4550211726054119, 0.5420783266577659, 1.485883605290973, 0.5307539682539683
2.1187898126531532, 0.33946296296296297, 2.1280879611968992, 0.33775
1.2825930423507386, 0.60028927458834, 1.322410838566129, 0.5753968253968254
2.0817222240059463, 0.3502037037037037, 2.093130395253499, 0.35
1.1445189842288632, 0.6287716955941255, 1.2013529558030387, 0.5956349206349206
2.0684668441701817, 0.3365740740740741, 2.0808932456970215, 0.3363333333333333
1.1396541558109923, 0.6310636404094349, 1.2102454283880808, 0.5938492063492063
2.121613875636348, 0.3227777777777778, 2.138459145228068, 0.31975
1.032207455739054, 0.6896306186025812, 1.1126915462433347, 0.6501984126984127
2.1224984566017433, 0.3348055555555556, 2.1393910789489747, 0.334
1.002920054158583, 0.6919448153093013, 1.0994975877186608, 0.6396825396825396
2.1892369559605918, 0.3235462962962963, 2.2085445442199707, 0.3205
0.9829113726410061, 0.697196261682243, 1.099626725060599, 0.6339285714285714
2.2158247256455597, 0.322712962962963, 2.2289700934092203, 0.32016666666666665
0.9560311874708813, 0.6877837116154873, 1.0858286539713542, 0.6154761904761905
2.251734103096856, 0.3214444444444444, 2.2662580623626707, 0.3224166666666667
0.9476800480576478, 0.6970627503337784, 1.099138960005745, 0.6178571428571429
2.3148060430244164, 0.312, 2.3276354077657064, 0.30825
0.9225667708175789, 0.7131953716065865, 1.0943406226143004, 0.6253968253968254
2.3543619272443985, 0.3102037037037037, 2.3647312259674074, 0.30533333333333335
0.9621024649993122, 0.6850244770805518, 1.1579318629370796, 0.5988095238095238
2.414094233972055, 0.30289814814814814, 2.4216843859354653, 0.30175
0.9136121753273299, 0.7029817534490431, 1.1182098782251753, 0.5978174603174603
2.421215649286906, 0.30189814814814814, 2.4256470591227215, 0.30291666666666667
0.8678921177910337, 0.6960391633288829, 1.0824986730303083, 0.5748015873015873
2.4527523662425854, 0.30306481481481484, 2.4567913818359375, 0.30591666666666667
0.8666468270152847, 0.7245438362260792, 1.1122800842164056, 0.6174603174603175
2.522415139021697, 0.3040462962962963, 2.5255447387695313, 0.30341666666666667
0.8086083175767832, 0.7491766800178015, 1.066429735365368, 0.620436507936508
2.5070100681163647, 0.30225, 2.505633736292521, 0.3050833333333333
0.8605960964785186, 0.7166444147752559, 1.1290465581984748, 0.5900793650793651
2.5458633481838087, 0.2945740740740741, 2.5452061456044515, 0.29525
0.813643067160022, 0.6976858032932799, 1.102077229060824, 0.5547619047619048
2.5751770657433406, 0.29555555555555557, 2.5736633122762043, 0.2935833333333333
0.7953353175599149, 0.7414552736982644, 1.0981313864390054, 0.5918650793650794
2.6175454827061406, 0.28603703703703703, 2.621350768407186, 0.28591666666666665
0.8587836614862568, 0.6752781486426346, 1.185367295098683, 0.5363095238095238
2.683185741883737, 0.2695092592592593, 2.6828326377868654, 0.2698333333333333
0.842660189120569, 0.6916555407209612, 1.1938698185814751, 0.5466269841269841
2.730059012307061, 0.27249074074074076, 2.7346134510040283, 0.27208333333333334
0.8169558561161246, 0.6796172674677348, 1.15947512672061, 0.5283730158730159
2.7361990806085092, 0.2863703703703704, 2.7364979502360027, 0.28733333333333333
0.7056945510901607, 0.7635959056519804, 1.057065078947279, 0.5968253968253968
2.752311238182916, 0.30103703703703705, 2.755245970408122, 0.30033333333333334
0.6809002296946873, 0.7815976858032933, 1.0466014264121888, 0.6142857142857143
2.786555299052486, 0.2988425925925926, 2.7851979777018228, 0.30191666666666667
0.6739448330908496, 0.7756341789052069, 1.0583069786192878, 0.6126984126984127
2.803632553842333, 0.29130555555555554, 2.804303503036499, 0.29225
0.6986983990637419, 0.7798620382732532, 1.1095632946680463, 0.6170634920634921
2.8384292273344816, 0.28528703703703706, 2.835919162750244, 0.2865
0.734718683936302, 0.7283711615487316, 1.1463596245599172, 0.5498015873015873
2.87266912177757, 0.27820370370370373, 2.8659238967895506, 0.2773333333333333
0.6465059754049507, 0.8085002225189141, 1.078886982751271, 0.6236111111111111
2.8551660328971016, 0.2811018518518518, 2.853758280436198, 0.28508333333333336
0.6645380545574981, 0.7907877169559413, 1.1087940253908672, 0.5926587301587302
2.8571957403465555, 0.27594444444444444, 2.855296417236328, 0.2783333333333333
0.660694937372823, 0.7861148197596796, 1.1289103659372481, 0.5835317460317461
2.8845447781527485, 0.27217592592592593, 2.8856646429697674, 0.27708333333333335
0.6485286376504936, 0.7815754339118826, 1.109526260315426, 0.5767857142857142
2.8757412363334938, 0.2766851851851852, 2.875618115743001, 0.27925
0.6164363263923431, 0.8173787271918113, 1.0987101032620386, 0.594047619047619
2.878505824689512, 0.2770185185185185, 2.879670243581136, 0.281
0.6580844739940255, 0.7537160658655986, 1.1514062325159709, 0.558531746031746
2.957387837904471, 0.27261111111111114, 2.957429512023926, 0.27608333333333335
0.6516372319481667, 0.7956831330663107, 1.1415793600536528, 0.5843253968253969
2.8945938911084776, 0.27823148148148147, 2.9015999323527017, 0.28308333333333335
0.6136868336808697, 0.7732532265242545, 1.1190369061061314, 0.5791666666666667
2.9873918202364886, 0.28402777777777777, 2.9999570083618163, 0.28541666666666665
0.5612909340784186, 0.8532487761459724, 1.0512591528514075, 0.6446428571428572
2.909271615346273, 0.2899907407407407, 2.9167526677449542, 0.2925
0.5769942925779565, 0.8136626613262127, 1.0798477396132453, 0.6001984126984127
2.9697021971455326, 0.28353703703703703, 2.975704189300537, 0.28258333333333335
0.5583502015273837, 0.8236537605696485, 1.0693493873353987, 0.6009920634920635
2.9634790383798104, 0.28175925925925926, 2.9640421346028645, 0.28308333333333335
0.5826892003092068, 0.8287049399198931, 1.119329265185765, 0.6218253968253968
2.9898330498448127, 0.2823148148148148, 2.9973219134012856, 0.27975
0.6515254130191573, 0.7647085002225189, 1.2076760193658254, 0.5702380952380952
3.0160951721403335, 0.26373148148148146, 3.01489235051473, 0.26566666666666666
3.3998704483310647, 0.1536270582999555, 3.4386392623659163, 0.15535714285714286
3.013690123240153, 0.2650092592592593, 3.0265344327290853, 0.2589166666666667
2.468870391641981, 0.20427236315086783, 2.53351566375248, 0.18432539682539684
2.396032964847706, 0.2526759259259259, 2.417318192164103, 0.2549166666666667
2.159593934762409, 0.21016911437472185, 2.2078972892155724, 0.1978174603174603
2.151293549078482, 0.24674074074074073, 2.1677812118530273, 0.24858333333333332
2.0370961479998506, 0.2234534935469515, 2.087525840032668, 0.2017857142857143
2.09801739053373, 0.24319444444444444, 2.1128898264567058, 0.2455
1.963934982836273, 0.23845126835781041, 2.0323870946490574, 0.20317460317460317
2.0681864875510887, 0.24769444444444444, 2.0825961138407387, 0.2425
1.8957807967861229, 0.2554739652870494, 1.9780358117724222, 0.2148809523809524
2.0853667789035373, 0.23583333333333334, 2.103021110534668, 0.2305
1.8402531921359555, 0.2785714285714286, 1.9277091798328219, 0.23472222222222222
2.1033441332357903, 0.2371851851851852, 2.1198146591186524, 0.23433333333333334
1.7943531414960616, 0.2866266132621273, 1.8972718314519004, 0.23432539682539683
2.130055198881361, 0.2301574074074074, 2.143508913675944, 0.22958333333333333
1.7394749769169222, 0.3114819759679573, 1.8644101127745614, 0.24801587301587302
2.152971241562455, 0.2374537037037037, 2.162630273183187, 0.23983333333333334
1.714890874668286, 0.3196706720071206, 1.8683081823682028, 0.24206349206349206
2.1950618927920305, 0.23202777777777778, 2.200867458343506, 0.23325
1.6606646450774427, 0.3429906542056075, 1.8554613385881698, 0.24166666666666667
2.2289821981500695, 0.22548148148148148, 2.2351525993347168, 0.22683333333333333
1.6226675121000091, 0.3553849577214063, 1.8588142304193407, 0.239484126984127
2.232399059790152, 0.22542592592592592, 2.236327293395996, 0.23175
1.714908411919832, 0.322051624388073, 1.997443317231678, 0.22876984126984126
2.344295137617323, 0.21005555555555555, 2.349095765431722, 0.21075
1.5847953762433027, 0.3696706720071206, 1.9022497116573274, 0.23273809523809524
2.2779108272128634, 0.2189074074074074, 2.2840138117472333, 0.2205
1.5203002739546827, 0.405028927458834, 1.869644882565453, 0.24702380952380953
2.288461186938816, 0.22315740740740742, 2.2939253412882485, 0.22466666666666665
1.4887277028483181, 0.4166666666666667, 1.882299424731542, 0.2571428571428571
2.324437609707868, 0.22941666666666666, 2.3289282836914063, 0.23466666666666666
1.466474755647504, 0.43404539385847796, 1.9145057693360343, 0.2507936507936508
2.3474373076050368, 0.22708333333333333, 2.3542129707336428, 0.2325
1.4210440655628946, 0.4537605696484201, 1.8993194958520314, 0.256547619047619
2.3345553295700636, 0.22573148148148148, 2.3423957913716635, 0.23216666666666666
1.3577497345636196, 0.47866043613707165, 1.8918646767025902, 0.25813492063492066
2.3306659894519384, 0.22489814814814815, 2.3450368512471518, 0.23241666666666666
1.4346169998447365, 0.4370048954161104, 2.0118527639479864, 0.22916666666666666
2.4284487379921806, 0.21101851851851852, 2.44521008682251, 0.21075
1.5626202337573145, 0.43088562527814867, 2.1406009295630075, 0.25317460317460316
2.5311525533111006, 0.21825925925925926, 2.5447489217122397, 0.22275
1.4711709544135563, 0.44877614597240767, 2.0683198762318447, 0.2498015873015873
2.4564977819654676, 0.22007407407407406, 2.466816155751546, 0.22
1.2624365904620876, 0.5241878059635069, 1.9057973876832024, 0.26071428571428573
2.3748464479093196, 0.23408333333333334, 2.3903345832824705, 0.23958333333333334
1.3352834985900255, 0.47812639074321317, 2.031299895331973, 0.24226190476190476
2.4028670086330837, 0.23108333333333334, 2.4184355316162107, 0.23166666666666666
1.233788060866094, 0.5380284824210058, 1.9402941537281824, 0.26051587301587303
2.396731118237531, 0.23926851851851852, 2.414461222330729, 0.2405
1.2143547429898394, 0.542167334223409, 1.9412044721936423, 0.25436507936507935
2.384906464046902, 0.23708333333333334, 2.3956259485880533, 0.24191666666666667
1.1637896576403086, 0.5803070761014686, 1.9145191540793767, 0.2611111111111111
2.4114670589588307, 0.23444444444444446, 2.4207464548746747, 0.23658333333333334
1.1105214827316414, 0.6065643079661771, 1.915429165249779, 0.26031746031746034
2.4276123228426334, 0.2295925925925926, 2.4395856628417967, 0.23558333333333334
1.1755527513314736, 0.5569870939029817, 2.024647405412462, 0.25873015873015875
2.495628815792225, 0.2263148148148148, 2.5070513916015624, 0.22675
1.0857328077926602, 0.6084557187360926, 1.9461767015003022, 0.25396825396825395
2.439120178717154, 0.23487037037037037, 2.4547172915140787, 0.23466666666666666
1.0469127296817848, 0.6453271028037383, 1.9368063805595277, 0.25892857142857145
2.432718777020772, 0.23583333333333334, 2.4483106676737467, 0.2385
1.0299550221557345, 0.639163328882955, 1.9610040044027661, 0.2494047619047619
2.449806940008093, 0.2354537037037037, 2.4642486941019692, 0.23875
1.01032142876836, 0.6525367156208278, 1.975061673966665, 0.24841269841269842
2.4710365245960375, 0.22562037037037036, 2.484441925048828, 0.22725
1.125186554230103, 0.5674232309746329, 2.1167817918081133, 0.2490079365079365
2.588457373548437, 0.22377777777777777, 2.5956200777689618, 0.2255
0.9808159582446191, 0.6617489986648866, 1.9997100936041938, 0.25376984126984126
2.5215812362741543, 0.2353611111111111, 2.5407171948750813, 0.23891666666666667
0.9837291317724577, 0.6417445482866043, 2.030107984088716, 0.2646825396825397
2.510941510518392, 0.23362962962962963, 2.5238407885233562, 0.23241666666666666
1.0712145818515941, 0.5893858477970627, 2.1505208999391585, 0.22936507936507936
2.6014024443449797, 0.2199537037037037, 2.6242721112569174, 0.21783333333333332
0.9546860584960177, 0.6906319537160659, 2.0116191470433797, 0.2640873015873016
2.487250118891398, 0.23489814814814816, 2.51477667872111, 0.23808333333333334
0.9522633442626193, 0.6664886515353805, 2.04343536770533, 0.24781746031746033
2.5109127151347974, 0.22733333333333333, 2.5365512250264484, 0.22891666666666666
0.9256769995186453, 0.6824655095683133, 2.0231471470424105, 0.2523809523809524
2.5131091630017317, 0.2256388888888889, 2.5355574595133463, 0.22733333333333333
0.9025409959929754, 0.6992879394748553, 2.021633735535637, 0.24623015873015874
2.547176104651557, 0.22448148148148148, 2.560031987508138, 0.226
0.8904994041059194, 0.7172007120605252, 2.023323879544697, 0.24722222222222223
2.5214175449653906, 0.22180555555555556, 2.529002185821533, 0.22375
2.6185981159694047, 0.20692033822874945, 2.5854110475570438, 0.20813492063492064
2.521133502465707, 0.2225925925925926, 2.5267255770365398, 0.21708333333333332
1.937207507280758, 0.29158878504672897, 1.9716838776119172, 0.27420634920634923
2.3893348727756076, 0.2220925925925926, 2.398426197052002, 0.21558333333333332
1.8032302588211149, 0.32999554962171784, 1.8493345699613057, 0.3192460317460317
2.2152981255849205, 0.21766666666666667, 2.2296309026082355, 0.21108333333333335
1.6566024130060242, 0.38974187805963506, 1.7151746098957366, 0.3734126984126984
2.1219778225156998, 0.2328148148148148, 2.134445141474406, 0.22025
1.5914442407856744, 0.42732532265242545, 1.6597966269841269, 0.4023809523809524
2.0777073153743038, 0.24516666666666667, 2.090807315826416, 0.2365
1.4725340036376084, 0.4625278148642635, 1.5576797576177688, 0.4226190476190476
2.046333876963015, 0.24774074074074073, 2.0574246972401937, 0.241
1.4216462465090172, 0.47458834000890077, 1.5200851107400561, 0.4117063492063492
2.039810924106174, 0.24921296296296297, 2.050445229848226, 0.247
1.4004431793728986, 0.4816421895861148, 1.5153900161622063, 0.41924603174603176
2.056772418163441, 0.24538888888888888, 2.0715156071980796, 0.24258333333333335
1.3880503927382777, 0.4748331108144192, 1.5211946184673006, 0.3974206349206349
2.0705786236303823, 0.23984259259259258, 2.0805374883015952, 0.23941666666666667
1.4503802614844423, 0.42906097018246553, 1.6174192019871303, 0.34186507936507937
2.151852278532805, 0.22462962962962962, 2.1561757736206055, 0.22266666666666668
1.4675150560176156, 0.41268357810413886, 1.6518085631113204, 0.3263888888888889
2.203655212684914, 0.21473148148148147, 2.20780983098348, 0.21375
1.4156533433534753, 0.4345571873609257, 1.6246589721195281, 0.32876984126984127
2.193364685870983, 0.21744444444444444, 2.1973501536051434, 0.21491666666666667
1.3756001165616656, 0.4472407654650645, 1.6080316089448474, 0.3123015873015873
2.2029668170081242, 0.20917592592592593, 2.207594326019287, 0.20941666666666667
1.3668257388635694, 0.44995549621717845, 1.6316851449391199, 0.3117063492063492
2.240772626629582, 0.2083888888888889, 2.2471532923380533, 0.2055
1.3800064149728393, 0.44846461949265687, 1.675093962654235, 0.2976190476190476
2.2794465662638346, 0.20289814814814816, 2.285790777842204, 0.1985
1.3292303388363846, 0.45876724521584333, 1.6525270567999946, 0.29563492063492064
2.282742771289967, 0.1922685185185185, 2.2877178166707357, 0.19041666666666668
1.3359217207008434, 0.44641744548286605, 1.6833609671819778, 0.2845238095238095
2.302195391266434, 0.1925185185185185, 2.3090905164082844, 0.1905
1.349133143066352, 0.4712950600801068, 1.7470070324246845, 0.2839285714285714
2.323410677662602, 0.20496296296296296, 2.326887902577718, 0.20608333333333334
1.2339112976576734, 0.517311971517579, 1.6573246986146957, 0.2869047619047619
2.2724105013388174, 0.20535185185185184, 2.273694309234619, 0.20725
1.3132768920436668, 0.47777036048064087, 1.7532562755403065, 0.28849206349206347
2.341682502993831, 0.20619444444444446, 2.346182945251465, 0.20641666666666666
1.3056716331546445, 0.49690698709390296, 1.8056511621626596, 0.28849206349206347
2.3642012025691845, 0.20801851851851852, 2.3644528198242187, 0.21308333333333335
1.2064789495735524, 0.5329550511793503, 1.716603866456047, 0.2924603174603175
2.3438289502461753, 0.20874074074074075, 2.3434939600626628, 0.21133333333333335
1.121005834045546, 0.5872051624388073, 1.6541792809017122, 0.3001984126984127
2.3268063924577502, 0.2121574074074074, 2.3286496798197427, 0.20691666666666667
1.1293311733216989, 0.5837783711615487, 1.7004290762401761, 0.2972222222222222
2.36710057954435, 0.2041574074074074, 2.371739261627197, 0.20075
1.4536250061388274, 0.45558522474410323, 2.076850814667959, 0.2843253968253968
2.562996130201552, 0.2012037037037037, 2.575388469696045, 0.1965
1.1217358307781142, 0.5668001780151313, 1.7174734993586465, 0.30277777777777776
2.408940708725541, 0.20630555555555555, 2.4230553398132324, 0.20208333333333334
1.0681288414867285, 0.5952380952380952, 1.6964169926113553, 0.3011904761904762
2.348027886072795, 0.21517592592592594, 2.3629800605773927, 0.20766666666666667
1.2016596640063542, 0.49995549621717844, 1.8493531953720819, 0.285515873015873
2.4605062614370277, 0.19592592592592592, 2.4735051294962567, 0.19358333333333333
1.0082884051293652, 0.6416332888295505, 1.6655351941547696, 0.3051587301587302
2.346206702126397, 0.21526851851851853, 2.362283292134603, 0.21458333333333332
1.029715718573658, 0.6162883845126835, 1.7296700023469471, 0.2908730158730159
2.377321778403388, 0.20914814814814814, 2.393641345977783, 0.20541666666666666
1.0477364099126527, 0.6204717400979083, 1.7739918042743017, 0.289484126984127
2.419673707149647, 0.2068425925925926, 2.430165744781494, 0.20291666666666666
0.9945233853063851, 0.6200712060525144, 1.7288993048289465, 0.31805555555555554
2.4041344184522275, 0.2162777777777778, 2.413138287862142, 0.21608333333333332
0.9707597273320264, 0.6539163328882955, 1.7312769314599417, 0.30337301587301585
2.4278233388264976, 0.21166666666666667, 2.4360505803426107, 0.209
1.05110858413024, 0.572340898976413, 1.8426778354342022, 0.29662698412698413
2.514725369312145, 0.20197222222222222, 2.5238953336079915, 0.1995
0.9453643744502218, 0.6393190921228304, 1.7491188200693282, 0.30892857142857144
2.434685696778474, 0.2094351851851852, 2.4438559786478677, 0.2115
0.9699500677688524, 0.6325100133511349, 1.815940334683373, 0.30912698412698414
2.473779306129173, 0.2227962962962963, 2.484634566624959, 0.22183333333333333
0.9500251937241463, 0.6925456163773921, 1.776512498704214, 0.3603174603174603
2.4811936552259657, 0.23172222222222222, 2.492000877380371, 0.23125
0.9237331208728609, 0.6791722296395194, 1.7918524484785776, 0.3013888888888889
2.4719424243503147, 0.21189814814814814, 2.486317127227783, 0.203
0.9454740408000598, 0.6704272363150868, 1.8190061811416869, 0.33115079365079364
2.4806804329907455, 0.22381481481481483, 2.5022428601582845, 0.22141666666666668
0.8471885586082006, 0.7325767690253672, 1.7365287039015027, 0.3148809523809524
2.467313727343524, 0.2145277777777778, 2.485016849517822, 0.21083333333333334
0.8357266699838065, 0.7186248331108144, 1.7511719915601942, 0.3146825396825397
2.4743160125237926, 0.21149074074074073, 2.49664679590861, 0.20616666666666666
0.8333783293598007, 0.7187805963506898, 1.7738483065650577, 0.2970238095238095
2.4980978340925994, 0.20323148148148149, 2.516956834157308, 0.199
2.7455576772312082, 0.17770360480640854, 2.7827524366832916, 0.17261904761904762
2.4976582349847862, 0.2032037037037037, 2.5083272603352866, 0.201
1.991575695559031, 0.266733422340899, 2.0222176703195722, 0.26091269841269843
2.199239605832983, 0.22474074074074074, 2.219497863769531, 0.219
1.9292920016266264, 0.2850467289719626, 1.9708432833353677, 0.2722222222222222
2.1504035835266113, 0.224, 2.169607182820638, 0.22041666666666668
1.8092297145298548, 0.30115709835336, 1.8662874524555508, 0.2783730158730159
2.0637371312600594, 0.24768518518518517, 2.0748981755574545, 0.2475
1.726922820651059, 0.3127280818869604, 1.7973393606761146, 0.2863095238095238
2.0013855316020823, 0.25993518518518516, 2.0080107752482097, 0.26
1.6653461624369603, 0.35685358255451716, 1.7440710930597214, 0.31825396825396823
1.9964645313686795, 0.2663055555555556, 2.002421812693278, 0.26416666666666666
1.6276410675388364, 0.3712283044058745, 1.7201311156863257, 0.31507936507936507
2.005203609148661, 0.2665, 2.007377223968506, 0.26675
1.5894473472700472, 0.3702714730752114, 1.6973173474508618, 0.3123015873015873
2.040894340303209, 0.2314351851851852, 2.048850096384684, 0.23133333333333334
1.5244805516377522, 0.39472630173564754, 1.6510894941905188, 0.3255952380952381
2.019613644917806, 0.2443611111111111, 2.024387638092041, 0.2465
1.504909327616944, 0.4059857587894971, 1.6618260398743645, 0.3259920634920635
2.064957519425286, 0.22823148148148148, 2.0728874994913737, 0.22941666666666666
1.555855678970887, 0.3894748553627058, 1.7516828673226492, 0.30813492063492065
2.12490111068443, 0.2241388888888889, 2.1358490320841472, 0.22116666666666668
1.489590134088018, 0.41971517578994216, 1.711846303182935, 0.3109126984126984
2.1351520092575638, 0.21786111111111112, 2.142275374094645, 0.21641666666666667
1.4261213503787928, 0.43500222518914106, 1.6777030853998094, 0.3115079365079365
2.147343125908463, 0.2079814814814815, 2.1521748593648273, 0.20991666666666667
1.3765927269345237, 0.46310636404094346, 1.670743241385808, 0.3061507936507937
2.1434116459599246, 0.20594444444444446, 2.1458276545206707, 0.21025
1.3913145653555326, 0.44984423676012464, 1.7239076856582884, 0.289484126984127
2.1649776924274584, 0.21025, 2.1679439544677734, 0.20741666666666667
1.32705613965186, 0.4896751223854028, 1.7012596115233407, 0.30158730158730157
2.170953495590775, 0.2104351851851852, 2.17715811920166, 0.21091666666666667
1.3383598432893162, 0.4645749888740543, 1.7504577409653437, 0.30198412698412697
2.219495160208808, 0.21358333333333332, 2.2261463559468586, 0.21066666666666667
1.2646825433042668, 0.5113707165109034, 1.6995109437003968, 0.3202380952380952
2.202784586235329, 0.21535185185185185, 2.2080246696472168, 0.209
1.2117585131683826, 0.5361148197596796, 1.6872925198267377, 0.30238095238095236
2.1997227224420617, 0.2104074074074074, 2.210336247762044, 0.20641666666666666
1.2306112656977424, 0.538584779706275, 1.749764571114192, 0.3113095238095238
2.2557485889505458, 0.21880555555555556, 2.2669227447509765, 0.21541666666666667
1.197301564982694, 0.5481753449043169, 1.740580499739874, 0.3013888888888889
2.2547087480050547, 0.2127962962962963, 2.2656186205546063, 0.21066666666666667
1.3291424703322148, 0.4949488206497552, 1.9234759118821887, 0.305952380952381
2.39725670115153, 0.21507407407407408, 2.4100179545084637, 0.2125
1.288401197103272, 0.49203382287494435, 1.878917756156316, 0.29583333333333334
2.3521213912963868, 0.20892592592592593, 2.3621269493103028, 0.20383333333333334
1.0725600863542883, 0.6272140631953717, 1.6835842738075861, 0.33075396825396824
2.2343780397485804, 0.22577777777777777, 2.243835074106852, 0.22466666666666665
1.0882610942397482, 0.6036715620827771, 1.7389549618675595, 0.30376984126984125
2.2626578396691217, 0.21574074074074073, 2.2753884557088218, 0.21583333333333332
1.0446096726720153, 0.6294392523364486, 1.7143315920754085, 0.30773809523809526
2.237880072205155, 0.21736111111111112, 2.249070780436198, 0.21375
1.0244393576608004, 0.640520694259012, 1.7312979804144966, 0.31567460317460316
2.244586919925831, 0.21669444444444444, 2.256073474884033, 0.21266666666666667
0.9843232367481186, 0.6719181130396084, 1.7074591878860716, 0.3107142857142857
2.249721907898232, 0.21649074074074073, 2.2556203066507976, 0.21475
1.1539314686801097, 0.6015798842901646, 1.899395379566011, 0.31765873015873014
2.3984355461685745, 0.2244537037037037, 2.398314636230469, 0.22058333333333333
1.0233418594109094, 0.634623943035158, 1.786232945275685, 0.3109126984126984
2.319293397974085, 0.21455555555555555, 2.3254391949971516, 0.21541666666666667
1.0010217445078138, 0.6518024032042724, 1.7951787343100896, 0.30674603174603177
2.32487048541175, 0.21699074074074073, 2.3338513488769532, 0.208
0.9447294920245223, 0.6637961726746774, 1.7585548113262843, 0.30833333333333335
2.3074604705174764, 0.21306481481481482, 2.3171085027058917, 0.21158333333333335
1.011086712044825, 0.6059412550066756, 1.8610881638905359, 0.30376984126984125
2.389978328563549, 0.21705555555555556, 2.398308277130127, 0.21533333333333332
0.9421940725858762, 0.6464842011570984, 1.8126543468899197, 0.30714285714285716
2.357086364251596, 0.21838888888888888, 2.3702369689941407, 0.21666666666666667
0.9198497013351786, 0.6925011125945706, 1.7971263007512168, 0.30972222222222223
2.3250717577051234, 0.22136111111111112, 2.335617608388265, 0.21841666666666668
0.922420077372722, 0.6834223408989765, 1.8324850052122086, 0.3113095238095238
2.348898831932633, 0.2197037037037037, 2.359029209136963, 0.21675
0.9777360343169147, 0.6404761904761904, 1.8975309614151243, 0.289484126984127
2.377983710783499, 0.2111574074074074, 2.38057079188029, 0.211
0.880105049853119, 0.699910992434357, 1.7929976614694747, 0.32301587301587303
2.3349692529042563, 0.22175925925925927, 2.340028911590576, 0.22175
0.8167923001644608, 0.759968847352025, 1.7329714003063383, 0.3107142857142857
2.3071234984221283, 0.21650925925925926, 2.3157735087076823, 0.21908333333333332
0.8420075292209546, 0.6989541611036938, 1.801377086033897, 0.3049603174603175
2.3658396351425734, 0.21672222222222223, 2.3753249181111653, 0.21308333333333335
1.0792719147923686, 0.5920338228749443, 2.0898284336877246, 0.26785714285714285
2.5306998673898202, 0.2017685185185185, 2.5380520712534587, 0.19716666666666666
0.8554021904932216, 0.7052069425901202, 1.829451742626372, 0.30773809523809526
2.4016105750755026, 0.21714814814814815, 2.401002736409505, 0.21516666666666667
2.5906568831956065, 0.19688473520249222, 2.5713451203845796, 0.1982142857142857
2.399680279413859, 0.21723148148148147, 2.4131378847757974, 0.21866666666666668
1.975125144819286, 0.26617712505562974, 2.0156393384176585, 0.25416666666666665
2.2107210617771855, 0.21519444444444444, 2.2173760464986167, 0.2125
1.944203881067226, 0.26528704939919895, 2.00188543228876, 0.24662698412698414
2.1508922233581544, 0.21372222222222223, 2.148654249827067, 0.20991666666666667
1.863972153979829, 0.29005340453938583, 1.9290667215983073, 0.26884920634920634
2.096889655854967, 0.21730555555555556, 2.0965188013712566, 0.2135
1.7651656034950898, 0.30921228304405873, 1.8306232089088077, 0.2833333333333333
2.0462515597873265, 0.2338425925925926, 2.0489109268188477, 0.22891666666666666
1.6737720260314535, 0.34537160658655985, 1.7612590441628109, 0.30873015873015874
2.0326426871970846, 0.2412314814814815, 2.035833679199219, 0.23391666666666666
1.652674618370012, 0.3465287049399199, 1.7599501640077622, 0.29543650793650794
2.059603301436813, 0.23844444444444443, 2.0628780097961426, 0.23541666666666666
1.605166447719681, 0.3542056074766355, 1.7434566225324357, 0.2857142857142857
2.079807692386486, 0.21986111111111112, 2.0857687136332195, 0.2145
1.5507757681764704, 0.38366711170449486, 1.7097489447820755, 0.2972222222222222
2.0925715997483993, 0.21651851851851853, 2.0999968452453612, 0.21116666666666667
1.5045387144135431, 0.409768580329328, 1.7013096536908832, 0.3107142857142857
2.12586625734965, 0.2134074074074074, 2.1350953788757323, 0.20766666666666667
1.4938662054913279, 0.4224744103248776, 1.7184790686955527, 0.30436507936507934
2.1760619515666257, 0.20439814814814813, 2.188003439585368, 0.19541666666666666
1.4695995962349213, 0.4280373831775701, 1.7395124692765493, 0.29325396825396827
2.20444718170166, 0.20358333333333334, 2.2131934928894044, 0.19283333333333333
1.3882323872422344, 0.46217178460169117, 1.700286306653704, 0.3125
2.192272260065432, 0.20847222222222223, 2.2017208658854166, 0.19983333333333334
1.3344547820080637, 0.4896083667111705, 1.6870896899510943, 0.30753968253968256
2.1854481099799825, 0.20894444444444443, 2.1919167620340985, 0.20283333333333334
1.3029291545968082, 0.5040498442367601, 1.704325442843967, 0.30277777777777776
2.205993540375321, 0.20621296296296296, 2.20935352452596, 0.19975
1.4867579586197124, 0.43028482421005787, 1.928914942060198, 0.3001984126984127
2.3599515747494166, 0.20809259259259258, 2.370376158396403, 0.20408333333333334
1.2795832903479596, 0.5073208722741434, 1.7447466880556137, 0.30436507936507934
2.2600982729593913, 0.20755555555555555, 2.260817352294922, 0.20066666666666666
1.1971203468298985, 0.5543168669336893, 1.701407527923584, 0.30992063492063493
2.235040784270675, 0.2065, 2.233778954823812, 0.20108333333333334
1.236430618123155, 0.5535157988429017, 1.7767019347539024, 0.3049603174603175
2.2999929471192537, 0.20400925925925925, 2.3016018473307294, 0.19616666666666666
1.212764441537284, 0.541588785046729, 1.8048445974077498, 0.3142857142857143
2.332593302903352, 0.21006481481481482, 2.3355259602864584, 0.20716666666666667
1.1799633582963591, 0.5431019136626614, 1.8137249734666612, 0.3007936507936508
2.353653001608672, 0.2083148148148148, 2.35720512008667, 0.20483333333333334
1.2150028573389737, 0.5314641744548286, 1.860368531847757, 0.28154761904761905
2.381197638123124, 0.19866666666666666, 2.3834460728963216, 0.19833333333333333
1.1506964582944903, 0.5760792167334223, 1.835801503014943, 0.3047619047619048
2.3969873171205873, 0.21039814814814814, 2.39991028213501, 0.20883333333333334
1.1481483466263394, 0.6036270582999554, 1.8713227090381441, 0.3061507936507937
2.402982885925858, 0.2117037037037037, 2.407639488220215, 0.212
0.9983174441600302, 0.6646862483311081, 1.7272326393732949, 0.3053571428571429
2.3185990301767987, 0.2091111111111111, 2.3182532132466633, 0.20566666666666666
0.9541511084060431, 0.6981308411214954, 1.7061927220178028, 0.30694444444444446
2.324366838313915, 0.20853703703703705, 2.3269938634236653, 0.20575
0.9732803497518175, 0.657832665776591, 1.762349317944239, 0.3009920634920635
2.3448012879689535, 0.2053148148148148, 2.34635747273763, 0.193
0.9200701755579705, 0.7040275923453494, 1.7307247177002922, 0.310515873015873
2.3302452711175987, 0.2098888888888889, 2.328337819417318, 0.20216666666666666
1.0014489957795019, 0.6336003560302625, 1.8483284602089534, 0.30793650793650795
2.391960370381673, 0.21572222222222223, 2.3901434478759764, 0.213
1.023697199734466, 0.6205384957721406, 1.909974889906626, 0.3055555555555556
2.454107256218239, 0.21441666666666667, 2.454964101155599, 0.21291666666666667
0.889645679102084, 0.7175122385402759, 1.7448810743907142, 0.3148809523809524
2.3582329451243083, 0.21567592592592594, 2.354985361735026, 0.21575
0.8649191421352602, 0.7279261237205162, 1.747194809383816, 0.310515873015873
2.365907058503893, 0.21499074074074073, 2.3615651664733885, 0.211
0.8829753935151382, 0.7077659101023587, 1.7934858049665179, 0.3055555555555556
2.3951591712810374, 0.20799074074074075, 2.3826566149393718, 0.20866666666666667
0.9119682918085116, 0.6639519359145527, 1.8436116521320647, 0.29464285714285715
2.436427096048991, 0.2030925925925926, 2.4243704668680826, 0.20358333333333334
0.8275676725597237, 0.7400089007565643, 1.7741454366653684, 0.3051587301587302
2.404504681198685, 0.2046851851851852, 2.3892158228556317, 0.20358333333333334
0.7917875813652687, 0.7717178460169114, 1.7507771613105896, 0.30912698412698414
2.3984905962061, 0.20830555555555555, 2.3818455912272136, 0.21108333333333335
0.8789276014395061, 0.686559857587895, 1.8882381484622046, 0.30833333333333335
2.4954868409898547, 0.21084259259259258, 2.488978205362956, 0.21075
0.8175201813273818, 0.7388295505117936, 1.8167652311779203, 0.30277777777777776
2.436996453532466, 0.2028611111111111, 2.422529539744059, 0.20783333333333334
0.7502358569428291, 0.7914330218068536, 1.766576980409168, 0.30337301587301585
2.4239666425210458, 0.20692592592592593, 2.411725529988607, 0.20675
0.7856331873215937, 0.7394748553627059, 1.8385864454602439, 0.2904761904761905
2.446984714719984, 0.2049537037037037, 2.4378084182739257, 0.20408333333333334
0.7326704645772271, 0.7991766800178015, 1.78963989378914, 0.30654761904761907
2.4290975833468966, 0.20999074074074073, 2.4159728495279946, 0.21183333333333335
0.8013691453547492, 0.7187138406764575, 1.8824156231350369, 0.291468253968254
2.4834984781477187, 0.20462962962962963, 2.47180500793457, 0.20416666666666666
